5.000000000000000000e-01
6.714285714285714857e-01
9.846722243273967612e-01
9.914119160710981316e-01
9.898018981820104756e-01
9.897124527437277663e-01
9.897124527437277663e-01
9.918591432625113447e-01
9.970469786829049275e-01
9.975836513126008498e-01
6.714285714285714857e-01
9.846722243273967612e-01
9.913224706328154223e-01
9.893546709905972625e-01
9.888179983609013401e-01
9.888179983609013401e-01
9.907857980031196110e-01
9.970469786829049275e-01
9.975836513126008498e-01
9.951085535688581896e-01
9.846722243273967612e-01
9.913224706328154223e-01
9.889074437991839384e-01
9.888179983609013401e-01
9.888179983609013401e-01
9.907857980031196110e-01
9.970469786829049275e-01
9.975836513126008498e-01
9.951085535688581896e-01
9.951085535688581896e-01
9.913224706328154223e-01
9.889074437991839384e-01
9.888179983609013401e-01
9.888179983609013401e-01
9.907857980031196110e-01
9.970469786829049275e-01
9.975836513126008498e-01
9.951085535688581896e-01
9.951085535688581896e-01
9.951085535688581896e-01
9.889074437991839384e-01
9.888179983609013401e-01
9.888179983609013401e-01
9.909646888796848074e-01
9.970469786829049275e-01
9.975836513126008498e-01
9.952874444454236080e-01
9.952874444454236080e-01
9.952874444454236080e-01
9.952874444454236080e-01
9.894441164288798607e-01
9.895335618671625699e-01
9.893546709905971515e-01
9.977625421891660462e-01
9.977625421891660462e-01
9.981203239422967721e-01
9.974194477001212533e-01
9.974194477001212533e-01
9.974194477001212533e-01
9.974194477001212533e-01
7.109890109890109056e-01
7.849476105290058570e-01
8.003322259136211869e-01
8.877000038186885211e-01
9.504513396253573276e-01
9.959883206875990158e-01
9.969722205087080402e-01
9.969722205087080402e-01
9.969722205087080402e-01
9.969722205087080402e-01
5.148351648351647825e-01
5.148351648351647825e-01
5.148351648351647825e-01
5.148351648351647825e-01
5.148351648351647825e-01
5.225274725274724474e-01
5.225274725274724474e-01
5.225274725274724474e-01
5.225274725274724474e-01
5.225274725274724474e-01
5.000000000000000000e-01
5.000000000000000000e-01
5.000000000000000000e-01
5.000000000000000000e-01
5.000000000000000000e-01
5.000000000000000000e-01
5.000000000000000000e-01
5.000000000000000000e-01
5.000000000000000000e-01
5.000000000000000000e-01
5.000000000000000000e-01
5.000000000000000000e-01
5.000000000000000000e-01
5.000000000000000000e-01
5.000000000000000000e-01
5.000000000000000000e-01
5.000000000000000000e-01
5.000000000000000000e-01
5.000000000000000000e-01
5.000000000000000000e-01
