5.000000000000000000e-01
5.000000000000000000e-01
5.000000000000000000e-01
5.000000000000000000e-01
5.000000000000000000e-01
5.000000000000000000e-01
5.000000000000000000e-01
5.000000000000000000e-01
5.000000000000000000e-01
5.000000000000000000e-01
5.000000000000000000e-01
5.000000000000000000e-01
5.999999999999999778e-01
9.846722243273967612e-01
9.915013615093807298e-01
9.918591432625113447e-01
9.911435797562500039e-01
9.911435797562502259e-01
9.911435797562500039e-01
9.968680878063395090e-01
5.000000000000000000e-01
5.000000000000000000e-01
8.741758241758242898e-01
9.917329796640140804e-01
9.918591432625113447e-01
9.896230073054450571e-01
9.896230073054450571e-01
9.896230073054450571e-01
9.966891969297743126e-01
9.970469786829049275e-01
5.000000000000000000e-01
5.000000000000000000e-01
8.813186813186814073e-01
9.913224706328154223e-01
9.922169250156418485e-01
9.962419697383610995e-01
9.961525243000783902e-01
9.961525243000783902e-01
9.966891969297743126e-01
9.970469786829049275e-01
5.000000000000000000e-01
5.000000000000000000e-01
9.308260704812429953e-01
9.913224706328154223e-01
9.923958158922072670e-01
9.900702344968583812e-01
9.900702344968583812e-01
9.900702344968583812e-01
9.965103060532090051e-01
9.970469786829049275e-01
5.000000000000000000e-01
5.000000000000000000e-01
9.846722243273967612e-01
9.913224706328154223e-01
9.930219339601856765e-01
9.898913436202929628e-01
9.898913436202929628e-01
9.898913436202931848e-01
9.965103060532090051e-01
9.970469786829049275e-01
5.000000000000000000e-01
5.000000000000000000e-01
9.846722243273967612e-01
9.913224706328154223e-01
9.925747067687724634e-01
9.908752434414023202e-01
9.909646888796848074e-01
9.881024348546401104e-01
9.965103060532090051e-01
9.970469786829049275e-01
5.000000000000000000e-01
5.000000000000000000e-01
9.846722243273967612e-01
9.913224706328154223e-01
9.926641522070551726e-01
9.917696978242286354e-01
9.918591432625113447e-01
9.916802523859459262e-01
9.970469786829049275e-01
9.974047604360354313e-01
5.000000000000000000e-01
5.000000000000000000e-01
9.846722243273967612e-01
9.913224706328154223e-01
9.905174616882715943e-01
9.889074437991839384e-01
9.888179983609013401e-01
9.911435797562500039e-01
9.974047604360354313e-01
9.975836513126008498e-01
5.000000000000000000e-01
5.999999999999999778e-01
9.846722243273967612e-01
9.913224706328154223e-01
9.916802523859459262e-01
9.957947425469477754e-01
9.957947425469477754e-01
9.906069071265543036e-01
9.970469786829049275e-01
9.975836513126008498e-01
