9.610885906395127964e-01
9.610138324653160202e-01
9.585221381131564522e-01
9.516623045492330624e-01
9.508189618454252479e-01
9.728232740261608669e-01
9.802312362857671380e-01
9.805890180388978639e-01
9.805890180388978639e-01
9.805890180388978639e-01
9.610885906395127964e-01
9.610138324653160202e-01
9.585221381131564522e-01
9.516623045492330624e-01
9.508189618454252479e-01
9.728232740261608669e-01
9.802312362857671380e-01
9.805890180388978639e-01
9.805890180388978639e-01
9.805890180388978639e-01
9.610885906395127964e-01
9.610138324653160202e-01
9.585221381131564522e-01
9.516623045492330624e-01
9.508189618454252479e-01
9.728232740261608669e-01
9.802312362857671380e-01
9.805890180388978639e-01
9.805890180388978639e-01
9.805890180388978639e-01
9.610885906395127964e-01
9.610138324653160202e-01
9.585221381131564522e-01
9.516623045492330624e-01
9.508189618454252479e-01
9.728232740261608669e-01
9.802312362857671380e-01
9.805890180388978639e-01
9.805890180388978639e-01
9.805890180388978639e-01
9.610885906395127964e-01
9.610138324653160202e-01
9.585221381131564522e-01
9.516623045492330624e-01
9.508189618454252479e-01
9.728232740261608669e-01
9.802312362857671380e-01
9.805890180388978639e-01
9.805890180388978639e-01
9.805890180388978639e-01
9.610885906395127964e-01
9.610138324653160202e-01
9.585221381131564522e-01
9.516623045492330624e-01
9.508189618454252479e-01
9.728232740261608669e-01
9.802312362857671380e-01
9.805890180388978639e-01
9.805890180388978639e-01
9.805890180388978639e-01
9.610885906395127964e-01
9.610138324653160202e-01
9.585221381131564522e-01
9.516623045492330624e-01
9.508189618454252479e-01
9.728232740261608669e-01
9.802312362857671380e-01
9.805890180388978639e-01
9.805890180388978639e-01
9.805890180388978639e-01
9.610885906395127964e-01
9.610138324653160202e-01
9.585221381131564522e-01
9.516623045492330624e-01
9.508189618454252479e-01
9.728232740261608669e-01
9.802312362857671380e-01
9.805890180388978639e-01
9.805890180388978639e-01
9.805890180388978639e-01
9.610885906395127964e-01
9.610138324653160202e-01
9.585221381131564522e-01
9.516623045492330624e-01
9.508189618454252479e-01
9.728232740261608669e-01
9.802312362857671380e-01
9.805890180388978639e-01
9.805890180388978639e-01
9.805890180388978639e-01
9.610885906395127964e-01
9.610138324653160202e-01
9.585221381131564522e-01
9.516623045492330624e-01
9.508189618454252479e-01
9.728232740261608669e-01
9.802312362857671380e-01
9.805890180388978639e-01
9.805890180388978639e-01
9.805890180388978639e-01
