5.000000000000000000e-01
5.000000000000000000e-01
5.000000000000000000e-01
5.000000000000000000e-01
5.000000000000000000e-01
5.000000000000000000e-01
5.000000000000000000e-01
5.000000000000000000e-01
5.000000000000000000e-01
5.000000000000000000e-01
8.587912087912089598e-01
9.847543261336364484e-01
9.921434886952129606e-01
9.967052060476279118e-01
9.978679967453022437e-01
9.969735423624758175e-01
9.951846335968228541e-01
9.964368697327798952e-01
9.957359934906044874e-01
9.893546709905972625e-01
5.000000000000000000e-01
5.000000000000000000e-01
5.000000000000000000e-01
5.538461538461538769e-01
8.000000000000000444e-01
8.956043956043956422e-01
9.856194059882913416e-01
9.955424153499535800e-01
9.978679967453023547e-01
9.990307874429766866e-01
5.000000000000000000e-01
5.000000000000000000e-01
5.000000000000000000e-01
5.000000000000000000e-01
5.000000000000000000e-01
5.000000000000000000e-01
5.000000000000000000e-01
7.115384615384614531e-01
8.000000000000000444e-01
8.813186813186814073e-01
5.000000000000000000e-01
5.000000000000000000e-01
5.000000000000000000e-01
5.000000000000000000e-01
5.000000000000000000e-01
5.000000000000000000e-01
5.000000000000000000e-01
5.000000000000000000e-01
5.000000000000000000e-01
5.000000000000000000e-01
5.000000000000000000e-01
5.000000000000000000e-01
5.000000000000000000e-01
5.000000000000000000e-01
5.000000000000000000e-01
5.000000000000000000e-01
5.000000000000000000e-01
5.000000000000000000e-01
5.000000000000000000e-01
5.000000000000000000e-01
5.000000000000000000e-01
5.000000000000000000e-01
5.000000000000000000e-01
5.000000000000000000e-01
5.000000000000000000e-01
5.000000000000000000e-01
5.000000000000000000e-01
5.000000000000000000e-01
5.000000000000000000e-01
5.000000000000000000e-01
5.000000000000000000e-01
5.000000000000000000e-01
5.000000000000000000e-01
5.000000000000000000e-01
5.000000000000000000e-01
5.000000000000000000e-01
5.000000000000000000e-01
5.000000000000000000e-01
5.000000000000000000e-01
5.000000000000000000e-01
5.000000000000000000e-01
5.000000000000000000e-01
5.000000000000000000e-01
5.000000000000000000e-01
5.000000000000000000e-01
5.000000000000000000e-01
5.000000000000000000e-01
5.000000000000000000e-01
5.000000000000000000e-01
5.000000000000000000e-01
5.000000000000000000e-01
5.000000000000000000e-01
5.000000000000000000e-01
5.000000000000000000e-01
5.000000000000000000e-01
5.000000000000000000e-01
5.000000000000000000e-01
5.000000000000000000e-01
5.000000000000000000e-01
5.000000000000000000e-01
