5.000000000000000000e-01
5.000000000000000000e-01
5.000000000000000000e-01
5.000000000000000000e-01
5.000000000000000000e-01
5.000000000000000000e-01
5.000000000000000000e-01
5.000000000000000000e-01
5.000000000000000000e-01
5.000000000000000000e-01
8.587912087912089598e-01
9.847543261336364484e-01
9.921434886952127385e-01
9.967052060476279118e-01
9.967052060476279118e-01
9.969735423624758175e-01
9.951846335968228541e-01
9.967946514859103990e-01
9.957359934906044874e-01
9.893546709905972625e-01
8.956043956043956422e-01
9.850827333585954193e-01
9.946479609671270428e-01
9.967052060476279118e-01
9.966157606093452026e-01
9.969735423624758175e-01
9.975102149921717398e-01
9.964368697327798952e-01
9.960937752437351023e-01
9.889968892374666476e-01
8.956043956043956422e-01
9.850827333585954193e-01
9.956318607882360672e-01
9.967052060476279118e-01
9.978679967453022437e-01
9.973313241156063214e-01
9.976891058687369362e-01
9.982257784984328586e-01
9.945278191469050233e-01
9.889968892374666476e-01
9.494505494505494081e-01
9.920613868889731624e-01
9.953635244733881615e-01
9.978679967453022437e-01
9.967052060476279118e-01
9.973313241156063214e-01
9.975102149921717398e-01
9.984046693749981660e-01
9.936480520281643081e-01
9.889968892374666476e-01
9.565934065934065256e-01
9.920613868889731624e-01
9.956318607882360672e-01
9.964368697327798952e-01
9.964368697327798952e-01
9.966157606093452026e-01
9.960790879796492803e-01
9.960790879796495023e-01
9.927535976453377708e-01
9.889968892374666476e-01
9.847543261336364484e-01
9.920613868889731624e-01
9.964368697327798952e-01
9.964368697327798952e-01
9.967946514859103990e-01
9.969735423624758175e-01
9.960790879796492803e-01
9.957213062265186654e-01
9.922169250156418485e-01
9.889968892374666476e-01
9.847543261336364484e-01
9.921434886952129606e-01
9.964368697327798952e-01
9.968840969241931083e-01
9.969735423624758175e-01
9.967946514859103990e-01
9.960790879796492803e-01
9.957213062265186654e-01
9.909646888796848074e-01
9.889968892374666476e-01
9.847543261336364484e-01
9.921434886952129606e-01
9.964368697327798952e-01
9.968840969241931083e-01
9.967946514859103990e-01
9.901756890529945787e-01
9.960790879796492803e-01
9.953782117374739835e-01
9.898913436202931848e-01
9.889968892374666476e-01
9.847543261336364484e-01
9.921434886952127385e-01
9.978679967453022437e-01
9.978679967453022437e-01
9.981363330601501493e-01
9.964368697327798952e-01
9.964368697327798952e-01
9.953782117374739835e-01
9.895335618671625699e-01
9.889968892374666476e-01
