1.000000000000000082e-05
1.000000000000000048e-04
1.000000000000000021e-03
1.000000000000000021e-02
1.000000000000000056e-01
1.000000000000000000e+00
1.000000000000000000e+01
1.000000000000000000e+02
1.000000000000000000e+03
1.000000000000000000e+04
1.000000000000000082e-05
1.000000000000000048e-04
1.000000000000000021e-03
1.000000000000000021e-02
1.000000000000000056e-01
1.000000000000000000e+00
1.000000000000000000e+01
1.000000000000000000e+02
1.000000000000000000e+03
1.000000000000000000e+04
1.000000000000000082e-05
1.000000000000000048e-04
1.000000000000000021e-03
1.000000000000000021e-02
1.000000000000000056e-01
1.000000000000000000e+00
1.000000000000000000e+01
1.000000000000000000e+02
1.000000000000000000e+03
1.000000000000000000e+04
1.000000000000000082e-05
1.000000000000000048e-04
1.000000000000000021e-03
1.000000000000000021e-02
1.000000000000000056e-01
1.000000000000000000e+00
1.000000000000000000e+01
1.000000000000000000e+02
1.000000000000000000e+03
1.000000000000000000e+04
1.000000000000000082e-05
1.000000000000000048e-04
1.000000000000000021e-03
1.000000000000000021e-02
1.000000000000000056e-01
1.000000000000000000e+00
1.000000000000000000e+01
1.000000000000000000e+02
1.000000000000000000e+03
1.000000000000000000e+04
1.000000000000000082e-05
1.000000000000000048e-04
1.000000000000000021e-03
1.000000000000000021e-02
1.000000000000000056e-01
1.000000000000000000e+00
1.000000000000000000e+01
1.000000000000000000e+02
1.000000000000000000e+03
1.000000000000000000e+04
1.000000000000000082e-05
1.000000000000000048e-04
1.000000000000000021e-03
1.000000000000000021e-02
1.000000000000000056e-01
1.000000000000000000e+00
1.000000000000000000e+01
1.000000000000000000e+02
1.000000000000000000e+03
1.000000000000000000e+04
1.000000000000000082e-05
1.000000000000000048e-04
1.000000000000000021e-03
1.000000000000000021e-02
1.000000000000000056e-01
1.000000000000000000e+00
1.000000000000000000e+01
1.000000000000000000e+02
1.000000000000000000e+03
1.000000000000000000e+04
1.000000000000000082e-05
1.000000000000000048e-04
1.000000000000000021e-03
1.000000000000000021e-02
1.000000000000000056e-01
1.000000000000000000e+00
1.000000000000000000e+01
1.000000000000000000e+02
1.000000000000000000e+03
1.000000000000000000e+04
1.000000000000000082e-05
1.000000000000000048e-04
1.000000000000000021e-03
1.000000000000000021e-02
1.000000000000000056e-01
1.000000000000000000e+00
1.000000000000000000e+01
1.000000000000000000e+02
1.000000000000000000e+03
1.000000000000000000e+04
